0.03 0.00000000000000000000 0.00000000000000000000
0.04 0.00000000000000000000 0.00000000000000000000
0.05 0.00000000000000000000 0.00000000000000000000
0.06 0.00000000000000000000 0.00000000000000000000
0.07 0.00000000000000000000 0.00000000000000000000
0.08 0.00000000000000000000 0.00000000000000000000
0.09 0.00000000000000000000 0.00000000000000000000
0.1 0.00000000000000000000 0.00000000000000000000
0.11 0.00000000000000000000 0.00000000000000000000
0.12 0.00000000000000000000 0.00000000000000000000
0.13 0.00000000000000000000 0.00000000000000000000
0.14 0.00000000000000000000 0.00000000000000000000
0.15 0.00000000000000000000 0.00000000000000000000
0.16 0.00000000000000000000 0.00000000000000000000
0.17 0.00000000000000000000 0.00000000000000000000
0.18 0.00000000000000000000 0.00000000000000000000
0.19 0.00000000000000000000 0.00000000000000000000
0.2 0.00000000000000000000 0.00000000000000000000
0.21 0.00000000000000000000 0.00000000000000000000
0.22 0.00000000000000000000 0.00000000000000000000
0.23 0.00000000000000000000 0.00000000000000000000
0.24 0.00000000000000000000 0.00000000000000000000
0.25 0.00000000000000000000 0.00000000000000000000
0.26 0.00000000000000000000 0.00000000000000000000
0.27 0.00000000000000000000 0.00000000000000000000
0.28 0.00000000000000000000 0.00000000000000000000
0.29 0.00000000000000000000 0.00000000000000000000
0.3 0.00000000000000000000 0.00000000000000000000
0.31 0.00000000000000000000 0.00000000000000000000
0.32 0.00000000000000000000 0.00000000000000000000
0.33 0.00000000000000000000 0.00000000000000000000
0.34 0.00000000000000000000 0.00000000000000000000
0.35000000000000003 0.00000000000000000000 0.00000000000000000000
0.36 0.00000000000000000000 0.00000000000000000000
0.37 0.00000000000000000000 0.00000000000000000000
0.38 0.00000000000000000000 0.00000000000000000000
0.39 0.00000000000000000000 0.00000000000000000000
0.4 0.00000000000000000000 0.00000000000000000000
0.41000000000000003 0.00000000000000000000 0.00000000000000000000
0.42 0.00000000000000000000 0.00000000000000000000
0.43 0.00000000000000000000 0.00000000000000000000
0.44 0.00000000000000000000 0.00000000000000000000
0.45 0.00000000000000000000 0.00000000000000000000
0.46 0.00000000000000000000 0.00000000000000000000
0.47000000000000003 0.00000000000000000000 0.00000000000000000000
0.48 0.00000000000000000000 0.00000000000000000000
0.49 0.00000000000000000000 0.00000000000000000000
0.5 0.00000000000000000000 0.00000000000000000000
0.51 0.00000000000000000000 0.00000000000000000000
0.52 0.00000000000000000000 0.00000000000000000000
0.53 0.00000000000000000000 0.00000000000000000000
0.54 0.00000000000000000000 0.00000000000000000000
0.55 0.00000000000000000000 0.00000000000000000000
0.56 0.00000000000000000000 0.00000000000000000000
0.5700000000000001 0.00000000000000000000 0.00000000000000000000
0.58 0.00000000000000000000 0.00000000000000000000
0.59 0.00000000000000000000 0.00000000000000000000
0.6 0.00000000000000000000 0.00000000000000000000
0.61 0.00000000000000000000 0.00000000000000000000
0.62 0.00000000000000000000 0.00000000000000000000
0.63 0.00000000000000000000 0.00000000000000000000
0.64 0.00000000000000000000 0.00000000000000000000
0.65 0.00000000000000000000 0.00000000000000000000
0.66 0.00000000000000000000 0.00000000000000000000
0.67 0.00000000000000000000 0.00000000000000000000
0.68 0.00000000000000000000 0.00000000000000000000
0.6900000000000001 0.00000000000000000000 0.00000000000000000000
0.7000000000000001 0.00000000000000000000 0.00000000000000000000
0.71 0.00000000000000000000 0.00000000000000000000
0.72 0.00000000000000000000 0.00000000000000000000
0.73 0.00000000000000000000 0.00000000000000000000
0.74 0.00000000000000000000 0.00000000000000000000
0.75 0.00000000000000000000 0.00000000000000000000
0.76 0.00000000000000000000 0.00000000000000000000
0.77 0.00000000000000000000 0.00000000000000000000
0.78 0.00000000000000000000 0.00000000000000000000
0.79 0.00000000000000000000 0.00000000000000000000
0.8 0.00000000000000000000 0.00000000000000000000
0.81 0.00000000000000000000 0.00000000000000000000
0.8200000000000001 0.00000000000000000000 0.00000000000000000000
0.8300000000000001 0.00000000000000000000 0.00000000000000000000
0.84 0.00000000000000000000 0.00000000000000000000
0.85 0.00000000000000000000 0.00000000000000000000
0.86 0.00000000000000000000 0.00000000000000000000
0.87 0.00000000000000000000 0.00000000000000000000
0.88 0.00000000000000000000 0.00000000000000000000
0.89 0.00000000000000000000 0.00000000000000000000
0.9 0.00000000000000000000 0.00000000000000000000
0.91 0.00000000000000000000 0.00000000000000000000
0.92 0.00000000000000000000 0.00000000000000000000
0.93 0.00000000000000000000 0.00000000000000000000
0.9400000000000001 0.00000000000000000000 0.00000000000000000000
0.9500000000000001 0.00000000000000000000 0.00000000000000000000
0.96 0.00000000000000000000 0.00000000000000000000
0.97 0.00000000000000000000 0.00000000000000000000
0.98 0.00000000000000000000 0.00000000000000000000
0.99 0.00000000000000000000 0.00000000000000000000
1.0 0.00000000000000000000 0.00000000000000000000
1.01 0.00000000000000000000 0.00000000000000000000
1.02 0.00000000000000000000 0.00000000000000000000
1.03 0.00000000000000000000 0.00000000000000000000
1.04 0.00000000000000000000 0.00000000000000000000
1.05 0.00000000000000000000 0.00000000000000000000
1.06 0.00000000000000000000 0.00000000000000000000
1.07 0.00000000000000000000 0.00000000000000000000
1.08 0.00000000000000000000 0.00000000000000000000
1.09 0.00000000000000000000 0.00000000000000000000
1.1 0.00000000000000000000 0.00000000000000000000
1.11 0.00000000000000000000 0.00000000000000000000
1.12 0.00000000000000000000 0.00000000000000000000
1.1300000000000001 0.00000000000000000000 0.00000000000000000000
1.1400000000000001 0.00000000000000000000 0.00000000000000000000
1.1500000000000001 0.00000000000000000000 0.00000000000000000000
1.16 0.00000000000000000000 0.00000000000000000000
1.17 0.00000000000000000000 0.00000000000000000000
1.18 0.00000000000000000000 0.00000000000000000000
1.19 0.00000000000000000000 0.00000000000000000000
1.2 0.00000000000000000000 0.00000000000000000000
1.21 0.00000000000000000000 0.00000000000000000000
1.22 0.00000000000000000000 0.00000000000000000000
1.23 0.00000000000000000000 0.00000000000000000000
1.24 0.00000000000000000000 0.00000000000000000000
1.25 0.00000000000000000000 0.00000000000000000000
1.26 0.00000000000000000000 0.00000000000000000000
1.27 0.00000000000000000000 0.00000000000000000000
1.28 0.00000000000000000000 0.00000000000000000000
1.29 0.00000000000000000000 0.00000000000000000000
1.3 0.00000000000000000000 0.00000000000000000000
1.31 0.00000000000000000000 0.00000000000000000000
1.32 0.00000000000000000000 0.00000000000000000000
1.33 0.00000000000000000000 0.00000000000000000000
1.34 0.00000000000000000000 0.00000000000000000000
1.35 0.00000000000000000000 0.00000000000000000000
1.36 0.00000000000000000000 0.00000000000000000000
1.37 0.00000000000000000000 0.00000000000000000000
1.3800000000000001 0.00000000000000000000 0.00000000000000000000
1.3900000000000001 0.00000000000000000000 0.00000000000000000000
1.4000000000000001 0.00000000000000000000 0.00000000000000000000
1.41 0.00000000000000000000 0.00000000000000000000
1.42 0.00000000000000000000 0.00000000000000000000
1.43 0.00000000000000000000 0.00000000000000000000
1.44 0.00000000000000000000 0.00000000000000000000
1.45 0.00000000000000000000 0.00000000000000000000
1.46 0.00000000000000000000 0.00000000000000000000
1.47 0.00000000000000000000 0.00000000000000000000
1.48 0.00000000000000000000 0.00000000000000000000
1.49 0.00000000000000000000 0.00000000000000000000
1.5 0.00000000000000000000 0.00000000000000000000
1.51 0.00000000000000000000 0.00000000000000000000
1.52 0.00000000000000000000 0.00000000000000000000
1.53 0.00000000000000000000 0.00000000000000000000
1.54 0.00000000000000000000 0.00000000000000000000
1.55 0.00000000000000000000 0.00000000000000000000
1.56 0.00000000000000000000 0.00000000000000000000
1.57 0.00000000000000000000 0.00000000000000000000
1.58 0.00000000000000000000 0.00000000000000000000
1.59 0.00000000000000000000 0.00000000000000000000
1.6 0.00000000000000000000 0.00000000000000000000
1.61 0.00000000000000000000 0.00000000000000000000
1.62 0.00000000000000000000 0.00000000000000000000
1.6300000000000001 0.00000000000000000000 0.00000000000000000000
1.6400000000000001 0.00000000000000000000 0.00000000000000000000
1.6500000000000001 0.00000000000000000000 0.00000000000000000000
1.6600000000000001 0.00000000000000000000 0.00000000000000000000
1.67 0.00000000000000000000 0.00000000000000000000
1.68 0.00000000000000000000 0.00000000000000000000
1.69 0.00000000000000000000 0.00000000000000000000
1.7 0.00000000000000000000 0.00000000000000000000
1.71 0.00000000000000000000 0.00000000000000000000
1.72 0.00000000000000000000 0.00000000000000000000
1.73 0.00000000000000000000 0.00000000000000000000
1.74 0.00000000000000000000 0.00000000000000000000
1.75 0.00000000000000000000 0.00000000000000000000
1.76 0.00000000000000000000 0.00000000000000000000
1.77 0.00000000000000000000 0.00000000000000000000
1.78 0.00000000000000000000 0.00000000000000000000
1.79 0.00000000000000000000 0.00000000000000000000
1.8 0.00000000000000000000 0.00000000000000000000
1.81 0.00000000000000000000 0.00000000000000000000
1.82 0.00000000000000000000 0.00000000000000000000
1.83 0.00000000000000000000 0.00000000000000000000
1.84 0.00000000000000000000 0.00000000000000000000
1.85 0.00000000000000000000 0.00000000000000000000
1.86 0.00000000000000000000 0.00000000000000000000
1.87 0.00000000000000000000 0.00000000000000000000
1.8800000000000001 0.00000000000000000000 0.00000000000000000000
1.8900000000000001 0.00000000000000000000 0.00000000000000000000
1.9000000000000001 0.00000000000000000000 0.00000000000000000000
1.9100000000000001 0.00000000000000000000 0.00000000000000000000
1.92 0.00000000000000000000 0.00000000000000000000
1.93 0.00000000000000000000 0.00000000000000000000
1.94 0.00000000000000000000 0.00000000000000000000
1.95 0.00000000000000000000 0.00000000000000000000
1.96 0.00000000000000000000 0.00000000000000000000
1.97 0.00000000000000000000 0.00000000000000000000
1.98 0.00000000000000000000 0.00000000000000000000
1.99 0.00000000000000000000 0.00000000000000000000
2.0 0.00000000000000000000 0.00000000000000000000
2.0100000000000002 0.00000000000000000000 0.00000000000000000000
2.02 0.00000000000000000000 0.00000000000000000000
2.0300000000000002 0.00000000000000000000 0.00000000000000000000
2.04 0.00000000000000000000 0.00000000000000000000
2.05 0.00000000000000000000 0.00000000000000000000
2.06 0.00000000000000000000 0.00000000000000000000
2.07 0.00000000000000000000 0.00000000000000000000
2.08 0.00000000000000000000 0.00000000000000000000
2.09 0.00000000000000000000 0.00000000000000000000
2.1 0.00000000000000000000 0.00000000000000000000
2.11 0.00000000000000000000 0.00000000000000000000
2.12 0.00000000000000000000 0.00000000000000000000
2.13 0.00000000000000000000 0.00000000000000000000
2.14 0.00000000000000000000 0.00000000000000000000
2.15 0.00000000000000000000 0.00000000000000000000
2.16 0.00000000000000000000 0.00000000000000000000
2.17 0.00000000000000000000 0.00000000000000000000
2.18 0.00000000000000000000 0.00000000000000000000
2.19 0.00000000000000000000 0.00000000000000000000
2.2 0.00000000000000000000 0.00000000000000000000
2.21 0.00000000000000000000 0.00000000000000000000
